28506, 576, -15528, -6192, 1379, 220, -180, 580991915, -896803944, 80960552, -67512785
28516, 632, -15512, -6232, 1382, 211, -164, 580958777, -896817407, 81030099, -67535662
28526, 704, -15592, -6440, 1371, 217, -180, 580980820, -896795906, 81078193, -67573833
28536, 864, -15584, -6200, 1384, 222, -177, 580960798, -896801695, 81140616, -67594215
28545, 552, -15440, -6448, 1377, 221, -169, 580978969, -896782669, 81174440, -67649816
28556, 728, -15392, -6376, 1379, 210, -175, 580969052, -896782583, 81234993, -67663444
28566, 672, -15464, -6344, 1379, 207, -175, 580985088, -896766435, 81281795, -67683567
28576, 648, -15568, -6648, 1380, 218, -174, 581012731, -896740490, 81330716, -67731248
28586, 672, -15432, -6376, 1381, 222, -166, 581021050, -896726797, 81377715, -67784698
28596, 616, -15464, -6616, 1380, 223, -174, 581068439, -896687710, 81442946, -67817198
28606, 904, -15456, -6384, 1380, 221, -176, 581122607, -896644590, 81501012, -67853416
28616, 784, -15584, -6688, 1376, 217, -177, 581148184, -896619105, 81543991, -67919452
28626, 768, -15560, -6240, 1387, 221, -176, 581075495, -896658625, 81585066, -67970311
28636, 920, -15176, -6376, 1381, 220, -173, 581015584, -896690226, 81648174, -67989777
28646, 752, -15528, -6040, 1382, 199, -164, 581134671, -896604972, 81663764, -68077567
28656, 712, -15576, -6296, 1374, 200, -156, 581296831, -896491227, 81706061, -68140299
28667, 712, -15472, -6504, 1382, 204, -164, 581267596, -896503032, 81762451, -68166726
28676, 704, -15552, -6504, 1376, 212, -168, 581161077, -896565961, 81821695, -68176216
28686, 656, -15592, -6280, 1374, 207, -159, 581217638, -896521793, 81874520, -68211433
28696, 768, -15544, -6312, 1380, 211, -162, 581213223, -896517706, 81935983, -68228974
28706, 672, -15488, -6336, 1382, 206, -164, 581145105, -896555242, 81979900, -68263221
28716, 528, -15520, -6544, 1384, 215, -163, 581202000, -896511025, 82028563, -68301095
28726, 536, -15432, -5896, 1376, 210, -170, 581165064, -896527515, 82093799, -68320559
28736, 744, -15752, -6784, 1384, 205, -173, 581165118, -896519886, 82157573, -68343541
28746, 888, -15592, -6496, 1369, 207, -168, 581186414, -896497898, 82213309, -68383843
28756, 616, -15416, -6392, 1375, 201, -169, 581148718, -896514930, 82248160, -68438980

